2,
3,
4,
7,
8,
9,
11,
13,
14,
15,
16,
17,
18,
20,
21,
22,
23,
24,
26,
27,
28,
29,
30,
31,
33,
36,
37,
38,
39,
40,
41,
686,
719,
851,
891,
934,
1172,
1251,
1488,
1629,
1695,
1810,
1816,
1830,
1840,
1962,
1971,
1985,
1998,
2017,
2019,
2021,
2046,
2049,
2051,
2053,
2055,
2057,
2064,
2067,
2069,
2071,
2076,
2078,
2081,
2083,
2086,
2088,
2093,
2101,
2104,
2106,
2111,
2158,
2164,
2216,
2256,
2402,
2453,
2516,
2688,
2690,
2693,
2705,
2706,
2709,
2729,
2740,
2757,
2787,
2790,
2855,
2857,
2860,
2866,
2888,
2927,
2973,
3622,
3627,
3634,
3665,
3671,
3676,
3680,
3684,
3689,
3872,
3920,
3947,
4475,
4658,
5510,
19980,
29499,
29773,
35116,
47768,
51991,
58624,
58977,
63884,
65771,
65772,
67536,
71934,
71984,
72007,
72054,
72056,
72070,
72097,
72149,
72166,
